先頭事例の条件付き確率:
label=0: 0.004194
label=1: 0.995806
